theme_name=default
is_widget=True
height=350
bar_color=0.00000,0.00000,0.00000,1.00000
is_dragged=False
scale=1.0
audio_source_index=1
is_sticky=True
row_height=4
width=630
keep_above=False
lock_position=True
opacity=0.7
col_width=20
bg_color=0.24999,0.24999,0.24999,0.00000
keep_below=True
row_spacing=1
n_cols=30
peak_color=0.00000,0.00000,0.00000,1.00000
n_rows=70
col_spacing=1
y=607
x=635
skip_taskbar=True
