opacity=0.7
keep_above=False
n_cols=30
scale=1.0
theme_name=default
is_sticky=True
row_height=4
is_widget=True
height=350
width=510
bar_color=0.00000,0.00000,0.00000,1.00000
peak_color=0.00000,0.00000,0.00000,1.00000
lock_position=True
is_dragged=False
bg_color=0.24999,0.24999,0.24999,0.00000
keep_below=True
n_rows=70
x=743
skip_taskbar=True
y=648
audio_source_index=1
